  0.0000000e+000  0.0000000e+000
  5.0000000e-001  2.7006985e-001
  9.9999332e-001  6.9822676e-001
  1.9999954e+000  8.1225148e-001
  2.9999976e+000  8.7931220e-001
  4.0009936e+000  9.5260613e-001
  5.0009957e+000  9.5969909e-001
  6.0009984e+000  9.6894143e-001
  7.0010005e+000  9.7560451e-001
  8.0009939e+000  9.7979581e-001
  9.0009960e+000  9.8602902e-001
  1.0000999e+001  9.8914562e-001
  1.1001001e+001  9.8893068e-001
  1.2000994e+001  9.9419667e-001
  1.3000996e+001  9.9419667e-001
  1.4002001e+001  9.9548630e-001
  1.5001994e+001  9.9752821e-001
  1.6001997e+001  9.9494895e-001
  1.7001999e+001  9.9817303e-001
  1.8001993e+001  9.9871037e-001
  1.9001995e+001  9.9871037e-001
  2.0001997e+001  9.9914025e-001
  2.1002000e+001  1.0000000e+000
  2.2002002e+001  9.9924772e-001
  2.3001995e+001  9.9752821e-001
  2.4003000e+001  1.0000000e+000
  3.6000000e+003  1.0000000e+000
  3.6010000e+003  1.0000000e+000
